Estación:       EMPALME,  SON
Operada por:    SMN ESIME
Longitud:       110°47'50"  Longitud: 27°57'26"  Altitud: 8

DD/MM/AAAA HH:MM      DIRS      DIRR  RAPVIENTO2  RAPRAFAGA2      TEMP        HR        PB      PREC   RAD-SOL
29/01/2018 21:00         229         281        4.00        6.50        32.1          17      1013.3         0.0       659.0
29/01/2018 21:10         225         261        3.90        6.60        32.4          15      1013.2         0.0       647.0
29/01/2018 21:20         227         300        3.40        6.30        32.4          15      1013.2         0.0       629.0
29/01/2018 21:30         230         276        3.50        6.40        32.6          15      1013.1         0.0       609.0
29/01/2018 21:40         225         274        3.50        6.60        32.3          14      1013.0         0.0       585.0
29/01/2018 21:50         227         263        4.80        7.60        31.6          15      1012.9         0.0       565.0
29/01/2018 22:00         225         263        4.50        7.00        31.6          14      1012.8         0.0       541.0
29/01/2018 22:10         232         278        4.10        6.90        31.8          14      1012.7         0.0       520.0
29/01/2018 22:20         229         262        4.10        6.50        31.7          14      1012.6         0.0       493.0
29/01/2018 22:30         228         287        3.50        7.30        31.9          14      1012.5         0.0       466.0
29/01/2018 22:40         230         305        4.20        7.60        31.3          14      1012.4         0.0       437.0
29/01/2018 22:50         229         305        3.70        6.60        31.3          14      1012.3         0.0       404.0
29/01/2018 23:00         236         286        3.90        7.00        30.9          14      1012.3         0.0       372.0
29/01/2018 23:10         235         281        4.20        7.00        30.8          13      1012.2         0.0       253.0
29/01/2018 23:20         241         291        4.20        7.00        30.6          13      1012.3         0.0       302.0
29/01/2018 23:30         245         288        3.90        7.30        30.9          13      1012.3         0.0       267.0
29/01/2018 23:40         252          52        2.90        6.70        31.1          14      1012.2         0.0       233.0
29/01/2018 23:50         259         338        2.10        4.70        31.0          15      1012.2         0.0       199.0
30/01/2018 00:00         254         306        2.20        5.40        30.7          15      1012.2         0.0       165.0
30/01/2018 00:10         258          24        2.00        4.50        30.4          15      1012.1         0.0       130.0
30/01/2018 00:20         265          59        1.70        3.60        29.8          17      1012.1         0.0       100.0
30/01/2018 00:30         263         350        1.90        3.70        29.1          18      1012.1         0.0        70.0
30/01/2018 00:40         250         298        2.70        5.30        28.2          18      1012.1         0.0        42.0
30/01/2018 00:50         256         312        2.10        4.50        27.3          19      1012.2         0.0        14.0
30/01/2018 01:00         254         314        1.40        3.00        26.3          21      1012.2         0.0        -1.0
30/01/2018 01:10         251         294        1.20        2.40        25.2          23      1012.3         0.0        -1.0
30/01/2018 01:20         256         317        1.50        3.00        24.7          25      1012.3         0.0        -1.0
30/01/2018 01:30         264         330        1.90        3.50        24.3          27      1012.4         0.0        -1.0
30/01/2018 01:40         264         326        2.00        3.30        24.0          27      1012.4         0.0        -1.0
30/01/2018 01:50         257         297        1.90        3.50        24.1          26      1012.5         0.0        -1.0
30/01/2018 02:00         248         284        1.60        2.40        23.8          26      1012.7         0.0        -1.0
30/01/2018 02:10         267         316        1.50        2.60        23.8          24      1012.8         0.0        -1.0
30/01/2018 02:20         291         324        1.70        3.40        23.3          24      1012.9         0.0        -1.0
30/01/2018 02:30         288         348        1.80        3.30        23.4          24      1013.0         0.0        -1.0
30/01/2018 02:40         285         332        1.80        3.60        22.9          25      1013.0         0.0        -1.0
30/01/2018 02:50         284         342        2.00        4.00        22.7          27      1013.1         0.0        -1.0
30/01/2018 03:00         281          81        2.50        5.20        23.5          26      1013.1         0.0        -1.0
30/01/2018 03:10         279         333        3.10        5.80        24.3          24      1013.2         0.0        -1.0
30/01/2018 03:20         282         327        3.20        6.50        24.7          22      1013.2         0.0        -1.0
30/01/2018 03:30         279         327        3.30        6.10        24.2          24      1013.3         0.0        -1.0
30/01/2018 03:40         279         329        3.20        6.20        23.9          24      1013.3         0.0        -1.0
30/01/2018 03:50         285           1        3.10        6.10        23.7          24      1013.4         0.0        -1.0
30/01/2018 04:00         286         344        2.70        5.00        23.1          25      1013.4         0.0        -1.0
30/01/2018 04:10         280         335        2.30        4.90        22.5          26      1013.5         0.0        -1.0
30/01/2018 04:20         277         340        2.20        4.70        22.3          26      1013.5         0.0        -1.0
30/01/2018 04:30         279         330        2.20        4.00        22.0          27      1013.5         0.0        -1.0
30/01/2018 04:40         282         333        2.60        5.10        21.7          27      1013.5         0.0        -1.0
30/01/2018 04:50         291         345        2.40        4.80        21.2          27      1013.5         0.0        -1.0
30/01/2018 05:00         296         336        2.90        6.20        21.7          26      1013.7         0.0        -1.0
30/01/2018 05:10         303         356        3.50        6.80        23.0          24      1013.9         0.0        -1.0
30/01/2018 05:20         315         344        4.30        7.60        23.9          23      1014.0         0.0        -1.0
30/01/2018 05:30         313         348        4.20        8.10        23.9          23      1013.9         0.0        -1.0
30/01/2018 05:40         312           2        3.70        6.30        23.3          24      1014.0         0.0        -1.0
30/01/2018 05:50         305         337        2.90        5.50        22.6          25      1013.9         0.0        -1.0
30/01/2018 06:00         300         337        3.60        6.40        21.9          27      1013.9         0.0        -1.0
30/01/2018 06:10         295         338        3.80        6.90        21.3          28      1013.8         0.0        -1.0
30/01/2018 06:20         296         340        4.50        8.10        21.9          28      1013.7         0.0        -1.0
30/01/2018 06:30         294         324        4.60        9.20        21.8          27      1013.7         0.0        -1.0
30/01/2018 06:40         299         334        4.60        7.90        21.6          27      1013.8         0.0        -1.0
30/01/2018 06:50         303         340        4.00        6.90        21.4          27      1013.9         0.0        -1.0
30/01/2018 07:00         301         334        4.00        7.60        21.3          27      1013.9         0.0        -1.0
30/01/2018 07:10         295         332        4.70        9.00        21.3          27      1013.7         0.0        -1.0
30/01/2018 07:20         295         354        4.50        8.00        21.0          27      1013.7         0.0        -1.0
30/01/2018 07:30         303         339        3.90        7.20        21.0          27      1013.9         0.0        -1.0
30/01/2018 07:40         301         335        4.20        6.60        21.0          27      1013.9         0.0        -1.0
30/01/2018 07:50         303         348        3.60        6.60        20.8          27      1013.9         0.0        -1.0
30/01/2018 08:00         311          11        2.60        6.40        20.8          26      1013.8         0.0        -1.0
30/01/2018 08:10         303           6        3.20        5.90        20.7          26      1013.8         0.0        -1.0
30/01/2018 08:20         294         357        3.80        6.10        20.4          26      1013.6         0.0        -1.0
30/01/2018 08:30         292         342        3.20        6.70        20.0          27      1013.5         0.0        -1.0
30/01/2018 08:40         287         326        3.40        6.90        19.7          27      1013.5         0.0        -1.0
30/01/2018 08:50         290         327        3.60        6.60        19.6          26      1013.5         0.0        -1.0
30/01/2018 09:00         298         340        3.80        7.00        19.4          26      1013.5         0.0        -1.0
30/01/2018 09:10         298         339        3.60        6.30        19.3          26      1013.5         0.0        -1.0
30/01/2018 09:20         300         337        3.30        6.70        19.1          26      1013.6         0.0        -1.0
30/01/2018 09:30         306         343        2.90        5.30        19.1          26      1013.6         0.0        -1.0
30/01/2018 09:40         299         359        2.90        6.00        18.7          27      1013.6         0.0        -1.0
30/01/2018 09:50         305         349        2.70        4.70        18.6          27      1013.6         0.0        -1.0
30/01/2018 10:00         307         342        2.20        4.60        18.4          27      1013.6         0.0        -1.0
30/01/2018 10:10         328          98        1.10        2.50        17.8          29      1013.5         0.0        -1.0
30/01/2018 10:20         306         343        1.90        3.40        17.9          28      1013.4         0.0        -1.0
30/01/2018 10:30         303         354        2.10        3.90        17.8          28      1013.4         0.0        -1.0
30/01/2018 10:40         307         336        2.50        3.90        18.0          28      1013.2         0.0        -1.0
30/01/2018 10:50         298           1        2.40        4.10        17.5          29      1013.3         0.0        -1.0
30/01/2018 11:00         312          26        2.30        4.20        17.6          29      1013.3         0.0        -1.0
30/01/2018 11:10         317          15        1.10        2.80        16.9          31      1013.2         0.0        -1.0
30/01/2018 11:20         300         334        2.70        5.10        17.3          30      1013.2         0.0        -1.0
30/01/2018 11:30         309         341        3.20        4.70        17.7          29      1013.2         0.0        -1.0
30/01/2018 11:40         311         341        3.30        5.30        18.1          28      1013.2         0.0        -1.0
30/01/2018 11:50         314         350        2.70        4.90        18.0          28      1013.3         0.0        -1.0
30/01/2018 12:00         302         339        3.00        5.10        17.6          29      1013.3         0.0        -1.0
30/01/2018 12:10         298         326        3.50        5.80        17.5          29      1013.3         0.0        -1.0
30/01/2018 12:20         297         329        3.40        5.60        17.4          29      1013.3         0.0        -1.0
30/01/2018 12:30         293         328        3.00        5.10        17.1          30      1013.3         0.0        -1.0
30/01/2018 12:40         295         331        2.90        4.80        17.0          30      1013.5         0.0        -1.0
30/01/2018 12:50         295         328        3.00        5.20        16.9          30      1013.6         0.0        -1.0
30/01/2018 13:00         294         341        2.70        4.80        16.9          31      1013.7         0.0        -1.0
30/01/2018 13:10         293         351        2.50        4.40        16.7          31      1013.8         0.0        -1.0
30/01/2018 13:20         294         328        2.60        4.40        16.7          31      1013.9         0.0        -1.0
30/01/2018 13:30         302         334        2.60        4.40        16.9          31      1014.0         0.0        -1.0
30/01/2018 13:40         294          31        2.80        4.70        16.7          31      1014.1         0.0        -1.0
30/01/2018 13:50         298         332        3.10        5.00        16.5          31      1014.2         0.0        -1.0
30/01/2018 14:00         293         334        2.60        4.50        16.0          32      1014.3         0.0        -1.0
30/01/2018 14:10         289         326        2.40        4.80        15.6          33      1014.3         0.0        -1.0
30/01/2018 14:20         290         344        1.90        3.50        15.1          35      1014.4         0.0         6.0
30/01/2018 14:30         292          16        1.90        3.60        15.2          35      1014.5         0.0        44.0
30/01/2018 14:40         293         342        2.20        4.00        15.6          34      1014.5         0.0        80.0
30/01/2018 14:50         304         360        2.30        3.50        16.1          33      1014.5         0.0       116.0
30/01/2018 15:00         312           3        1.40        3.40        16.9          33      1014.5         0.0       150.0
30/01/2018 15:10         320          28        0.90        2.30        17.5          31      1014.6         0.0       184.0
30/01/2018 15:20         288          93        0.60        1.40        18.9          30      1014.7         0.0       218.0
30/01/2018 15:30         293          33        0.60        1.10        19.9          29      1014.8         0.0       250.0
30/01/2018 15:40         291         106        0.70        1.50        21.0          27      1014.8         0.0       283.0
30/01/2018 15:50         287         331        0.90        1.50        22.2          25      1014.9         0.0       316.0
30/01/2018 16:00         286         358        0.70        1.30        24.1          22      1015.0         0.0       344.0
30/01/2018 16:10         291         343        0.80        1.50        25.3          22      1015.1         0.0       372.0
30/01/2018 16:20         290          90        0.70        1.50        26.4          19      1015.2         0.0       396.0
30/01/2018 16:30         292          16        0.80        1.70        26.7          19      1015.2         0.0       419.0
30/01/2018 16:40         288         113        0.50        1.20        27.9          17      1015.2         0.0       441.0
30/01/2018 16:50         276          96        0.80        1.80        27.9          17      1015.2         0.0       464.0
30/01/2018 17:00         278         348        0.90        2.00        28.4          16      1015.3         0.0       489.0
30/01/2018 17:10         280          71        1.10        3.20        28.5          16      1015.3         0.0       514.0
30/01/2018 17:20         289          79        1.10        3.00        29.3          14      1015.3         0.0       540.0
30/01/2018 17:30         307          63        1.60        3.60        29.5          13      1015.2         0.0       563.0
30/01/2018 17:40         317          87        1.70        4.10        29.8          14      1015.2         0.0       590.0
30/01/2018 17:50         276         360        1.30        2.80        30.4          15      1015.1         0.0       614.0
30/01/2018 18:00         276          28        1.00        2.50        31.0          13      1014.9         0.0       635.0
30/01/2018 18:10         209         349        1.30        3.10        30.9          18      1014.8         0.0       661.0
30/01/2018 18:20         237         318        2.00        3.50        30.9          14      1014.7         0.0       680.0
30/01/2018 18:30         247         329        1.90        3.40        31.0          13      1014.5         0.0       697.0
30/01/2018 18:40         260          22        1.90        3.50        31.8          13      1014.3         0.0       704.0
30/01/2018 18:50         238           3        1.70        3.20        31.6          13      1014.2         0.0       706.0
30/01/2018 19:00         235         319        2.00        3.70        32.1          13      1014.0         0.0       707.0
30/01/2018 19:10         246         310        1.80        3.50        32.5          12      1013.9         0.0       709.0
30/01/2018 19:20         244         333        1.60        4.50        32.9          11      1013.6         0.0       705.0
30/01/2018 19:30         226         295        2.50        4.20        32.2          12      1013.4         0.0       706.0
30/01/2018 19:40         206         255        2.50        4.60        32.2          12      1013.2         0.0       707.0
30/01/2018 19:50         215         265        2.80        4.70        32.2          12      1013.0         0.0       707.0
30/01/2018 20:00         209         252        3.00        5.00        32.3          12      1012.8         0.0       708.0
30/01/2018 20:10         218         265        3.20        5.40        31.7          12      1012.6         0.0       710.0
30/01/2018 20:20         218         261        3.40        5.40        31.7          12      1012.4         0.0       709.0
30/01/2018 20:30         219         256        3.60        6.20        31.2          16      1012.2         0.0       704.0
30/01/2018 20:40         214         251        4.20        7.00        30.5          17      1012.2         0.0       700.0
30/01/2018 20:50         220         257        3.70        6.50        30.8          17      1012.1         0.0       690.0
