Estación:       NOGALES,  SON
Operada por:    SMN EMAS
Longitud:       110°54'50"  Latitud: 31°17'52"  Altitud: 1269

DD/MM/AAAA HH:MM      DIRS      DIRR      VELS      VELR      TEMP        HR        PB      PREC   RAD-SOL
24/01/2018 17:00       113       129     16.00     31.90      14.0        18     879.2       0.0     620.2
24/01/2018 18:00       112       123     16.86     31.90      15.6        17     878.7       0.0     729.2
24/01/2018 19:00       125       141     16.56     33.10      17.1        16     877.7       0.0     768.3
24/01/2018 20:00       138       138     14.59     30.30      18.0        16     876.7       0.0     738.0
24/01/2018 21:00       125       176     14.35     36.50      18.9        16     876.0       0.0     630.2
24/01/2018 22:00       114       127     17.03     32.20      19.1        16     875.6       0.0     460.7
24/01/2018 23:00       105       153     15.35     29.70      19.2        16     875.4       0.0     253.2
25/01/2018 00:00       111       128     17.21     32.80      17.6        17     875.7       0.0      65.0
25/01/2018 01:00       115       130     20.51     37.40      15.9        18     875.8       0.0       0.2
25/01/2018 02:00       107       130     11.23     23.20      14.5        20     876.0       0.0       0.0
25/01/2018 03:00       108       120     17.82     38.80      13.3        21     876.0       0.0       0.0
25/01/2018 04:00       105       105     21.43     40.50      13.1        21     876.0       0.0       0.0
25/01/2018 05:00       111       113     15.16     40.10      12.3        22     876.3       0.0       0.0
25/01/2018 06:00       112       125     15.77     31.60      11.5        23     876.4       0.0       0.0
25/01/2018 07:00        93       124     14.58     24.70      11.1        24     876.0       0.0       0.0
25/01/2018 08:00       134       106      4.88     19.10      10.1        25     875.8       0.0       0.0
25/01/2018 09:00       106       252      1.38      8.40       6.8        30     875.5       0.0       0.0
25/01/2018 10:00       137       108      2.59      6.90       5.4        32     875.2       0.0       0.0
25/01/2018 11:00       154       147      1.79      8.30       4.3        34     874.7       0.0       0.0
25/01/2018 12:00       239       271      3.62      9.20       3.7        36     875.0       0.0       0.0
25/01/2018 13:00        76       115      2.57      7.20       3.4        36     875.2       0.0       0.0
25/01/2018 14:00       261       333      4.28      8.00       3.2        37     875.4       0.0      19.3
25/01/2018 15:00       239       254      3.98      7.10       6.6        32     875.8       0.0     211.5
25/01/2018 16:00       204       244      3.14      7.00      11.2        26     876.0       0.0     439.8
25/01/2018 17:00        81       117      5.08     12.60      15.0        22     876.1       0.0     616.3
25/01/2018 18:00       213       234      4.30     20.30      18.3        19     875.7       0.0     730.3
25/01/2018 19:00       223       229     13.14     28.00      19.8        15     874.8       0.0     763.2
25/01/2018 20:00       232       220     14.27     30.20      20.4        13     874.1       0.0     738.7
25/01/2018 21:00       236       254     15.98     36.50      20.8        14     873.7       0.0     643.5
25/01/2018 22:00       232       226     15.94     35.20      20.5        14     873.3       0.0     443.8
25/01/2018 23:00       237       255     17.89     33.00      19.9        14     873.3       0.0     250.7
26/01/2018 00:00       230       251     15.09     29.70      18.3        16     873.4       0.0      66.3
26/01/2018 01:00       235       248      7.83     20.20      16.1        19     873.8       0.0       0.0
26/01/2018 02:00       240       245      6.75     12.60      14.1        21     874.1       0.0       0.0
26/01/2018 03:00       235       250      4.93     12.30      12.4        23     874.4       0.0       0.0
26/01/2018 04:00       102       161      2.35     10.90      11.3        25     874.7       0.0       0.0
26/01/2018 05:00       153       172      3.91      9.60      11.5        27     875.3       0.0       0.0
26/01/2018 06:00       190       206      6.00     13.50      11.6        29     875.5       0.0       0.0
26/01/2018 07:00        44       232      1.92     10.10      10.1        31     875.5       0.0       0.0
26/01/2018 08:00       200        86      1.05      4.70       9.3        31     875.2       0.0       0.0
26/01/2018 09:00       294       359      4.16      9.20       9.0        31     875.0       0.0       0.0
26/01/2018 10:00       104       356      1.24      5.40       7.6        33     874.8       0.0       0.0
26/01/2018 11:00       315       306      1.24      7.20       6.8        33     874.6       0.0       0.0
26/01/2018 12:00       242       242      2.93      6.00       6.5        34     874.6       0.0       0.0
26/01/2018 13:00       325       359      2.52      6.20       6.0        34     875.0       0.0       0.0
26/01/2018 14:00       321       359      3.48     10.00       5.9        35     875.4       0.0      21.2
26/01/2018 15:00       244       254      4.25      8.70      10.6        28     875.9       0.0     215.8
26/01/2018 16:00       221       217      8.81     19.40      14.2        20     876.2       0.0     446.5
26/01/2018 17:00       224       241     14.04     25.10      15.6        19     876.6       0.0     621.0
26/01/2018 18:00       230       240     15.94     29.70      16.9        18     876.6       0.0     727.8
26/01/2018 19:00       256       274     16.78     34.70      17.9        17     875.9       0.0     764.0
26/01/2018 20:00       241       303     15.76     31.90      18.4        16     875.3       0.0     737.7
26/01/2018 21:00       246       279     14.62     31.10      18.9        16     874.8       0.0     630.5
26/01/2018 22:00       256       260     14.99     28.70      19.0        16     874.6       0.0     459.7
26/01/2018 23:00       260       248     14.12     31.90      18.6        15     874.8       0.0     254.0
27/01/2018 00:00       252       256     12.02     22.50      16.9        17     875.0       0.0      68.5
27/01/2018 01:00       248       260      6.81     14.40      14.5        19     875.4       0.0       0.0
27/01/2018 02:00       320       346      6.67     19.20      12.6        23     876.0       0.0       0.0
27/01/2018 03:00       291       331      4.62     15.90      11.3        28     876.3       0.0       0.0
27/01/2018 04:00       266       307      4.47     13.20       9.9        30     876.7       0.0       0.0
27/01/2018 05:00       255       274      5.72     10.60       8.6        33     876.9       0.0       0.0
27/01/2018 06:00       212       252      2.53      6.90       7.1        36     877.1       0.0       0.0
27/01/2018 07:00       138       110      0.63      6.40       6.4        37     877.1       0.0       0.0
27/01/2018 08:00       109       282      1.57      5.70       5.6        39     877.0       0.0       0.0
27/01/2018 09:00        92       130      3.37      7.10       5.1        40     877.3       0.0       0.0
27/01/2018 10:00        86       128      3.15      7.60       4.6        40     876.6       0.0       0.0
27/01/2018 11:00       253       312      0.54     10.70       4.2        41     876.1       0.0       0.0
27/01/2018 12:00        88       103      6.20     10.30       2.5        44     876.6       0.0       0.0
27/01/2018 13:00       105        96      1.28      8.20       2.7        44     877.1       0.0       0.0
27/01/2018 14:00       233       281      1.08      6.60       3.6        41     877.6       0.0      23.7
27/01/2018 15:00        97       359      3.72      9.50       7.8        34     878.3       0.0     214.3
27/01/2018 16:00        99       103      2.60     11.60      11.0        29     878.4       0.0     441.3
27/01/2018 17:00        83        96     11.60     18.90      13.2        25     878.3       0.0     625.3
27/01/2018 18:00        72        88      8.78     19.00      15.9        21     878.2       0.0     731.7
27/01/2018 19:00        56        57      7.42     18.00      18.1        18     877.5       0.0     763.3
27/01/2018 20:00        66        73      6.73     16.20      19.4        16     876.6       0.0     737.0
27/01/2018 21:00        82       114      8.57     22.80      20.4        15     876.0       0.0     631.7
27/01/2018 22:00         8       332      7.29     22.40      20.8        16     875.7       0.0     458.3
27/01/2018 23:00       343       358     12.81     23.50      19.9        16     875.8       0.0     254.7
28/01/2018 00:00       326       336     11.82     21.60      18.4        18     876.1       0.0      70.5
28/01/2018 01:00       340       353     13.65     25.70      16.0        20     876.6       0.0       0.2
28/01/2018 02:00       334       356     10.72     25.80      14.2        22     877.0       0.0       0.0
28/01/2018 03:00       249       360      3.28     16.20      12.5        25     877.5       0.0       0.0
28/01/2018 04:00       239       315      3.52      7.00      10.6        28     877.7       0.0       0.0
28/01/2018 05:00       260       329      3.29      9.20       9.5        29     878.0       0.0       0.0
28/01/2018 06:00        72       359      0.83      7.90       8.9        28     878.3       0.0       0.0
28/01/2018 07:00       135       285      0.98      6.50       7.8        28     878.3       0.0       0.0
28/01/2018 08:00       233       260      2.41      4.50       7.0        29     878.1       0.0       0.0
28/01/2018 09:00        93        57      4.01      8.10       6.7        29     877.9       0.0       0.0
28/01/2018 10:00        82        80      7.00     12.60       7.7        27     877.6       0.0       0.0
28/01/2018 11:00        90        92      6.43     12.00       7.5        27     877.3       0.0       0.0
28/01/2018 12:00        85        79      5.80      9.80       7.1        27     877.3       0.0       0.0
28/01/2018 13:00        88        71      5.15     11.00       6.5        28     877.6       0.0       0.0
28/01/2018 14:00        80        67      4.81      9.30       6.6        28     878.2       0.0      23.8
28/01/2018 15:00        81        71      6.60     13.00      10.1        25     878.6       0.0     223.2
28/01/2018 16:00        67        81      9.45     19.00      13.0        22     878.8       0.0     452.7
28/01/2018 17:00        43        51      9.59     20.90      15.8        20     879.0       0.0     626.7
28/01/2018 18:00        75        66     10.87     23.90      18.2        18     878.7       0.0     733.2
28/01/2018 19:00        95       100     15.67     32.70      19.9        16     877.9       0.0     775.0
28/01/2018 20:00       110       108     16.21     32.10      20.8        15     876.8       0.0     748.0
28/01/2018 21:00       102       135     14.69     28.90      21.7        15     876.2       0.0     641.2
28/01/2018 22:00       107        80     15.98     30.40      22.0        14     876.2       0.0     470.3
28/01/2018 23:00       116       146     14.19     27.90      21.7        15     876.3       0.0     263.0
29/01/2018 00:00       120       139     12.92     26.20      20.3        16     876.5       0.0      71.2
29/01/2018 01:00        90       126      6.73     17.80      18.0        16     876.8       0.0       0.2
29/01/2018 02:00        95        98     11.27     23.50      15.9        18     877.5       0.0       0.0
29/01/2018 03:00        53        96      6.66     16.10      15.0        17     877.8       0.0       0.0
29/01/2018 04:00        62       101      7.46     13.60      13.6        18     878.3       0.0       0.0
29/01/2018 05:00       124       156      3.42     11.30      12.6        18     878.7       0.0       0.0
29/01/2018 06:00       139       156      8.86     19.70      13.5        15     878.8       0.0       0.0
29/01/2018 07:00        96       130     11.20     23.90      13.7        15     878.9       0.0       0.0
29/01/2018 08:00        99       100     23.08     42.40      13.6        15     878.8       0.0       0.0
29/01/2018 09:00       115       128     31.60     53.70      14.8        15     878.4       0.0       0.0
29/01/2018 10:00       104       124     32.13     62.30      14.6        16     878.2       0.0       0.0
29/01/2018 11:00       102       100     34.66     63.50      14.3        16     878.0       0.0       0.0
29/01/2018 12:00        94       122     21.68     55.30      14.0        17     878.8       0.0       0.0
29/01/2018 13:00        55       310      9.04     26.70      12.7        18     879.8       0.0       0.0
29/01/2018 14:00        82       129     10.62     26.30      12.2        19     880.8       0.0      24.0
29/01/2018 15:00        89       100     20.40     39.30      14.3        18     881.1       0.0     225.3
29/01/2018 16:00        93       109     21.56     41.40      16.2        17     881.6       0.0     459.7
29/01/2018 17:00       106       115     27.39     54.20      17.7        16     881.7       0.0     637.5
29/01/2018 18:00       104       114     28.27     55.00      18.7        16     881.3       0.0     747.2
29/01/2018 19:00       113       134     24.35     45.60      20.1        16     880.4       0.0     786.3
29/01/2018 20:00       124       161     18.40     37.70      21.6        16     879.2       0.0     758.5
29/01/2018 21:00       104        98     15.17     29.90      22.9        15     878.5       0.0     650.2
29/01/2018 22:00       106        98     14.52     30.20      23.6        14     878.1       0.0     477.3
29/01/2018 23:00       113       136     11.28     26.70      23.6        14     877.7       0.0     267.8
30/01/2018 00:00       104       118     11.27     20.80      22.2        15     877.6       0.0      75.0
30/01/2018 01:00       113       120     11.17     21.70      19.6        17     877.8       0.0       0.2
30/01/2018 02:00       104       103     16.34     28.60      18.5        18     878.2       0.0       0.0
30/01/2018 03:00       107       120     16.22     26.90      17.9        19     878.6       0.0       0.0
30/01/2018 04:00        94       116     12.45     26.90      16.9        20     879.1       0.0       0.0
30/01/2018 05:00        98        98     10.02     19.60      15.4        22     879.7       0.0       0.0
30/01/2018 06:00        71       106     11.59     22.50      14.3        26     880.0       0.0       0.0
30/01/2018 07:00        93       105      8.93     18.20      12.0        29     880.0       0.0       0.0
30/01/2018 08:00        79       107      8.09     17.20      12.4        30     879.7       0.0       0.0
30/01/2018 09:00        89       116      9.45     20.90      10.3        32     879.3       0.0       0.0
30/01/2018 10:00        95       118     12.22     22.70      12.4        32     878.8       0.0       0.0
30/01/2018 11:00        81       123     12.03     28.20      12.3        32     878.2       0.0       0.0
30/01/2018 12:00        97       133     12.04     22.00      11.4        33     878.0       0.0       0.0
30/01/2018 13:00        83       117     11.11     21.70      10.5        35     878.0       0.0       0.0
30/01/2018 14:00        91        90      8.77     16.40       8.1        39     878.3       0.0      24.7
30/01/2018 15:00        91        90      6.67     16.10      11.3        34     878.3       0.0     224.7
30/01/2018 16:00        82        96     10.20     17.60      13.7        30     878.7       0.0     461.5
30/01/2018 17:00        83       103     10.91     21.50      17.8        25     878.6       0.0     640.2
30/01/2018 18:00        83       134      5.16     17.60      20.8        21     878.1       0.0     744.8
30/01/2018 19:00         3       358      4.18     15.70      22.8        18     877.2       0.0     777.3
30/01/2018 20:00        10       355      0.52     19.40      23.7        16     876.2       0.0     750.7
30/01/2018 21:00       243       323      2.69     13.80      25.0        14     875.2       0.0     642.7
30/01/2018 22:00       353       357      3.90     15.80      25.8        14     874.7       0.0     471.3
30/01/2018 23:00         3       360      7.14     17.50      24.9        14     874.2       0.0     249.7
31/01/2018 00:00       340       355     11.29     26.80      22.7        15     874.1       0.0      48.0
31/01/2018 01:00       323       335     12.62     26.70      20.3        17     874.4       0.0       0.0
31/01/2018 02:00       258       331      7.01     22.10      18.1        20     874.9       0.0       0.0
31/01/2018 03:00       289       288      6.63     11.10      16.3        22     875.1       0.0       0.0
31/01/2018 04:00       220       312      1.21      9.00      15.0        22     875.4       0.0       0.0
31/01/2018 05:00       236       256      1.60      7.80      13.7        24     875.7       0.0       0.0
31/01/2018 06:00       230       256      2.50      6.90      12.6        25     875.6       0.0       0.0
31/01/2018 07:00        92       229      1.80      5.90      11.7        27     875.2       0.0       0.0
31/01/2018 08:00        67        85      2.34      5.00      11.0        27     875.0       0.0       0.0
31/01/2018 09:00       186       309      0.24      9.70      10.7        27     874.7       0.0       0.0
31/01/2018 10:00       300       319      4.33      8.60       9.4        29     874.6       0.0       0.0
31/01/2018 11:00       237       316      1.91      8.30       9.3        30     874.4       0.0       0.0
31/01/2018 12:00       185       142      0.18      7.70       8.7        30     874.3       0.0       0.0
31/01/2018 13:00       121        98      2.03      6.70       8.7        30     874.6       0.0       0.0
31/01/2018 14:00       257       317      4.11      7.70       7.9        32     875.0       0.0      25.2
31/01/2018 15:00        76       122      2.51      5.60                  26     875.2       0.0     150.0
31/01/2018 16:00        74        98      3.20      5.10                                     0.0
